countryName,teamName,gamesPlayed,wHome,dHome,lHome,wAway,dAway,lAway,wTotal,dTotal,lTotal,points,position
Albania,KF Tirana,26,9,3,2,7,2,3,16,5,5,53,1
Albania,FK Kukësi,26,8,3,2,4,5,4,12,8,6,44,2
Albania,KF Laçi,26,8,1,3,4,4,6,12,5,9,41,3
Albania,KF Skënderbeu,26,9,2,3,3,3,6,12,5,9,41,4
Albania,KF Teuta,26,8,5,1,2,5,5,10,10,6,40,5
Albania,FK Partizani,26,6,4,2,5,1,8,11,5,10,38,6
Albania,FK Bylis,26,6,5,1,2,7,5,8,12,6,36,7
Albania,KF Vllaznia,26,5,3,6,4,5,3,9,8,9,35,8
Albania,KS Luftëtari,26,2,5,6,0,3,10,2,8,16,14,9
Albania,KS Flamurtari,26,0,6,6,1,2,11,1,8,17,11,10
Alemania,FC Bayern München,25,9,2,2,8,2,2,17,4,4,55,1
Alemania,Borussia Dortmund,25,9,3,0,6,3,4,15,6,4,51,2
Alemania,RB Leipzig,25,7,4,1,7,4,2,14,8,3,50,3
Alemania,VfL Borussia Mönchengladbach,25,9,2,2,6,2,4,15,4,6,49,4
Alemania,Bayer 04 Leverkusen,25,7,4,2,7,1,4,14,5,6,47,5
Alemania,FC Schalke 04,25,5,6,2,4,4,4,9,10,6,37,6
Alemania,VfL Wolfsburg,25,4,6,3,5,3,4,9,9,7,36,7
Alemania,SC Freiburg,25,6,2,4,4,4,5,10,6,9,36,8
Alemania,TSG 1899 Hoffenheim,25,5,1,7,5,4,3,10,5,10,35,9
Alemania,1. FC Köln,25,6,1,5,4,1,8,10,2,13,32,10
Alemania,1. FC Union Berlin,25,6,1,5,3,2,8,9,3,13,30,11
Alemania,Eintracht Frankfurt,24,6,3,3,2,1,9,8,4,12,28,12
Alemania,Hertha BSC Berlin,25,3,3,7,4,4,4,7,7,11,28,13
Alemania,FC Augsburg,25,5,3,4,2,3,8,7,6,12,27,14
Alemania,1. FSV Mainz 05,25,4,2,7,4,0,8,8,2,15,26,15
Alemania,Fortuna Düsseldorf,25,3,3,6,2,4,7,5,7,13,22,16
Alemania,SV Werder Bremen,24,1,2,8,3,4,6,4,6,14,18,17
Alemania,SC Paderborn 07,25,2,1,10,2,3,7,4,4,17,16,18
Andorra,Inter Club d'Escaldes,18,7,1,1,6,3,0,13,4,1,43,1
Andorra,FC Santa Coloma,18,6,1,2,6,2,1,12,3,3,39,2
Andorra,UE Engordany,18,3,4,2,6,1,2,9,5,4,32,3
Andorra,UE Sant Julià,18,4,1,4,5,1,3,9,2,7,29,4
Andorra,UE Santa Coloma,18,4,2,3,3,3,3,7,5,6,26,5
Andorra,Atlètic Club d'Escaldes,18,2,2,5,2,3,4,4,5,9,17,6
Andorra,FC Ordino,18,1,2,6,1,1,7,2,3,13,9,7
Andorra,CE Carroi,18,0,2,7,1,1,7,1,3,14,6,8
Armenia,Ararat-Armenia FC,17,7,2,0,3,1,4,10,3,4,33,1
Armenia,Alashkert FC,17,4,2,2,5,2,2,9,4,4,31,2
Armenia,FSC Lori,17,6,2,1,2,3,3,8,5,4,29,3
Armenia,FC Shirak,17,6,1,1,2,3,4,8,4,5,28,4
Armenia,FC Ararat,17,4,3,1,4,1,4,8,4,5,28,5
Armenia,FC Noah,17,6,1,2,2,2,4,8,3,6,27,6
Armenia,FC Pyunik,17,4,0,4,3,2,4,7,2,8,23,7
Armenia,FC Urartu,17,3,4,2,3,1,4,6,5,6,23,8
Armenia,FC Gandzasar,17,3,3,3,0,3,5,3,6,8,15,9
Armenia,FC Yerevan,17,0,0,8,0,0,9,0,0,17,0,10
Austria,LASK,22,6,3,2,11,0,0,17,3,2,54,1
Austria,FC Salzburg,22,9,1,1,5,5,1,14,6,2,48,2
Austria,SK Rapid Wien,22,4,4,3,7,3,1,11,7,4,40,3
Austria,Wolfsberger AC,22,5,3,3,6,2,3,11,5,6,38,4
Austria,SK Sturm Graz,22,4,2,5,5,3,3,9,5,8,32,5
Austria,TSV Sparkasse Hartberg,22,5,3,3,3,2,6,8,5,9,29,6
Austria,FK Austria Wien,22,4,4,3,1,6,4,5,10,7,25,7
Austria,SCR Altach,22,4,2,5,3,1,7,7,3,12,24,8
Austria,FC Admira Wacker Mödling,22,2,3,6,2,4,5,4,7,11,19,9
Austria,WSG Wattens,22,2,2,7,3,2,6,5,4,13,19,10
Austria,SV Mattersburg,22,1,2,8,4,1,6,5,3,14,18,11
Austria,SKN St Pölten,22,1,4,6,2,4,5,3,8,11,17,12
Azerbaiyán,Qarabağ FK,20,6,4,0,7,2,1,13,6,1,45,1
Azerbaiyán,Neftçi PFK,20,6,5,0,4,2,3,10,7,3,37,2
Azerbaiyán,Keşla FK,20,5,1,4,3,5,2,8,6,6,30,3
Azerbaiyán,Sumqayıt FK,20,3,3,4,3,2,5,6,5,9,23,4
Azerbaiyán,Zirä FK,20,4,3,3,2,2,6,6,5,9,23,5
Azerbaiyán,Sabah,20,2,2,5,3,4,4,5,6,9,21,6
Azerbaiyán,Sabail,20,2,3,5,3,2,5,5,5,10,20,7
Azerbaiyán,Gabala SC,20,3,1,6,2,3,5,5,4,11,19,8
Bélgica,Club Brugge,29,12,3,0,9,4,1,21,7,1,70,1
Bélgica,KAA Gent,29,11,3,1,5,4,5,16,7,6,55,2
Bélgica,R. Charleroi SC,29,10,2,2,5,7,3,15,9,5,54,3
Bélgica,Royal Antwerp,29,10,4,0,5,4,6,15,8,6,53,4
Bélgica,R. Standard de Liège,29,9,4,2,5,3,6,14,7,8,49,5
Bélgica,KV Mechelen,29,6,4,5,7,1,6,13,5,11,44,6
Bélgica,KRC Genk,29,8,1,5,5,4,6,13,5,11,44,7
Bélgica,RSC Anderlecht,29,7,5,3,4,5,5,11,10,8,43,8
Bélgica,SV Zulte Waregem,29,7,2,5,3,4,8,10,6,13,36,9
Bélgica,R. Excel Mouscron,29,6,5,4,3,4,7,9,9,11,36,10
Bélgica,KV Kortrijk,29,5,3,7,4,3,7,9,6,14,33,11
Bélgica,K. Sint-Truidense VV,29,4,5,5,5,1,9,9,6,14,33,12
Bélgica,KAS Eupen,29,4,4,6,4,2,9,8,6,15,30,13
Bélgica,Cercle Brugge KSV,29,5,1,8,2,1,12,7,2,20,23,14
Bélgica,KV Oostende,29,5,3,7,1,1,12,6,4,19,22,15
Bélgica,Waasland-Beveren,29,3,2,9,2,3,10,5,5,19,20,16
Bielorrusia,FC Zvezda-BGU Minsk,3,2,0,0,1,0,0,3,0,0,9,1
Bielorrusia,SFC Slutsk,3,1,0,1,1,0,0,2,0,1,6,2
Bielorrusia,FC Minsk,3,1,0,0,1,0,1,2,0,1,6,3
Bielorrusia,FC Vitebsk,3,1,0,0,1,0,1,2,0,1,6,4
Bielorrusia,FC Torpedo Zhodino,3,1,0,0,1,0,1,2,0,1,6,5
Bielorrusia,FC Isloch,3,2,0,1,0,0,0,2,0,1,6,6
Bielorrusia,FC Slavia-Mozyr,3,1,0,0,1,0,1,2,0,1,6,7
Bielorrusia,FC Neman Grodno,3,1,0,0,0,1,1,1,1,1,4,8
Bielorrusia,FC Shakhtyor Soligorsk,3,0,1,1,1,0,0,1,1,1,4,9
Bielorrusia,FC Dinamo Brest,3,0,1,1,1,0,0,1,1,1,4,10
Bielorrusia,FC BATE Borisov,3,1,0,0,0,0,2,1,0,2,3,11
Bielorrusia,FC Rukh Brest,3,0,0,1,1,0,1,1,0,2,3,12
Bielorrusia,FC Gorodeya,3,0,0,1,1,0,1,1,0,2,3,13
Bielorrusia,FC Dinamo Minsk,3,1,0,1,0,0,1,1,0,2,3,14
Bielorrusia,Smolevichi-STI,3,0,0,1,0,1,1,0,1,2,1,15
Bielorrusia,FC Belshina Bobruisk,3,0,0,2,0,0,1,0,0,3,0,16
Bosnia-Herzegovina,FK Sarajevo,22,10,0,1,3,6,2,13,6,3,45,1
Bosnia-Herzegovina,FK Željezničar,22,7,2,2,5,4,2,12,6,4,42,2
Bosnia-Herzegovina,HŠK Zrinjski,22,8,2,1,3,3,5,11,5,6,38,3
Bosnia-Herzegovina,FK Borac Banja Luka,22,7,3,1,3,3,5,10,6,6,36,4
Bosnia-Herzegovina,Sloga Simin Han,22,7,3,1,3,2,6,10,5,7,35,5
Bosnia-Herzegovina,FK Radnik Bijeljina,22,6,3,2,4,1,6,10,4,8,34,6
Bosnia-Herzegovina,NK Široki Brijeg,22,5,4,2,3,4,4,8,8,6,32,7
Bosnia-Herzegovina,FK Velež,22,5,2,4,4,3,4,9,5,8,32,8
Bosnia-Herzegovina,FK Sloboda Tuzla,22,4,5,2,0,4,7,4,9,9,21,9
Bosnia-Herzegovina,FK Mladost Doboj Kakanj,22,3,2,6,1,4,6,4,6,12,18,10
Bosnia-Herzegovina,NK Čelik Zenica,22,3,4,4,2,1,8,5,5,12,17,11
Bosnia-Herzegovina,Zvijezda 09,22,1,5,5,0,0,11,1,5,16,8,12
Bulgaria,PFC Ludogorets 1945,23,9,3,0,7,4,0,16,7,0,55,1
Bulgaria,PFC Levski Sofia,24,9,1,2,4,6,2,13,7,4,46,2
Bulgaria,PFC Lokomotiv Plovdiv 1926,24,7,5,0,6,2,4,13,7,4,46,3
Bulgaria,PFC CSKA-Sofia,24,8,3,1,5,4,3,13,7,4,46,4
Bulgaria,PFC Slavia Sofia,24,5,3,4,7,3,2,12,6,6,42,5
Bulgaria,PFC Cherno More Varna,24,5,5,2,4,5,3,9,10,5,37,6
Bulgaria,PFC Beroe Stara Zagora,24,8,1,3,4,0,8,12,1,11,37,7
Bulgaria,PFC Botev Plovdiv,24,5,3,4,3,3,6,8,6,10,30,8
Bulgaria,Arda,23,4,3,4,3,5,4,7,8,8,29,9
Bulgaria,FC Etar Veliko Tarnovo,24,3,6,3,2,3,7,5,9,10,24,10
Bulgaria,Tsarsko Selo,24,4,3,5,2,1,9,6,4,14,22,11
Bulgaria,OFC Botev Vratsa,24,3,4,5,1,3,8,4,7,13,19,12
Bulgaria,FC Dunav Ruse,24,2,3,7,2,3,7,4,6,14,18,13
Bulgaria,Vitosha Bistritsa ,24,1,1,10,0,2,10,1,3,20,6,14
Chipre,AC Omonia,22,7,3,1,5,4,2,12,7,3,43,1
Chipre,Anorthosis Famagusta FC,22,9,1,1,4,3,4,13,4,5,43,2
Chipre,APOEL FC,22,8,3,0,3,3,5,11,6,5,39,3
Chipre,Apollon Limassol FC,22,8,1,2,4,1,6,12,2,8,38,4
Chipre,AEK Larnaca FC,22,5,5,1,4,3,4,9,8,5,35,5
Chipre,AEL Limassol FC,22,6,4,1,2,3,6,8,7,7,31,6
Croacia,GNK Dinamo Zagreb,26,13,1,0,8,1,3,21,2,3,65,1
Croacia,HNK Rijeka,26,8,4,2,6,1,5,14,5,7,47,2
Croacia,NK Lokomotiva Zagreb,26,9,1,2,5,3,6,14,4,8,46,3
Croacia,HNK Hajduk Split,26,11,0,2,2,6,5,13,6,7,45,4
Croacia,NK Osijek,26,10,4,0,1,5,6,11,9,6,42,5
Croacia,HNK Gorica,26,6,6,2,3,2,7,9,8,9,35,6
Croacia,NK Slaven Koprivnica,26,5,3,4,2,2,10,7,5,14,26,7
Croacia,NK Istra 1961,26,3,5,4,1,2,11,4,7,15,19,8
Croacia,NK Inter Zaprešić,26,2,3,8,1,5,7,3,8,15,17,9
Croacia,NK Varaždin,26,2,4,6,1,4,9,3,8,15,17,10
Dinamarca,FC Midtjylland,24,9,1,2,11,1,0,20,2,2,62,1
Dinamarca,F.C. Copenhagen,24,10,1,1,6,1,5,16,2,6,50,2
Dinamarca,AGF Aarhus,23,6,2,3,6,2,4,12,4,7,40,3
Dinamarca,Brøndby IF,24,8,1,3,4,2,6,12,3,9,39,4
Dinamarca,FC Nordsjælland,24,7,3,2,4,2,6,11,5,8,38,5
Dinamarca,Aalborg BK,24,7,2,3,4,2,6,11,4,9,37,6
Dinamarca,Randers FC,23,7,3,2,3,1,7,10,4,9,34,7
Dinamarca,Lyngby BK,24,8,1,3,1,3,8,9,4,11,31,8
Dinamarca,Odense BK,24,5,3,4,3,3,6,8,6,10,30,9
Dinamarca,AC Horsens,24,5,1,6,3,3,6,8,4,12,28,10
Dinamarca,SønderjyskE,24,4,4,4,2,4,6,6,8,10,26,11
Dinamarca,Hobro IK,24,1,8,3,1,5,6,2,13,9,19,12
Dinamarca,Esbjerg fB,24,3,3,6,1,2,9,4,5,15,17,13
Dinamarca,Silkeborg IF,24,2,2,8,1,4,7,3,6,15,15,14
Escocia,Celtic FC,30,14,0,1,12,2,1,26,2,2,80,1
Escocia,Rangers FC,29,11,1,2,10,3,2,21,4,4,67,2
Escocia,Motherwell FC,30,7,1,7,7,3,5,14,4,12,46,3
Escocia,Aberdeen FC,30,7,3,5,5,6,4,12,9,9,45,4
Escocia,Livingston FC,30,8,4,2,2,5,9,10,9,11,39,5
Escocia,Hibernian FC,30,5,7,3,4,3,8,9,10,11,37,6
Escocia,St Johnstone FC,29,5,6,5,3,6,4,8,12,9,36,7
Escocia,Kilmarnock FC,30,6,5,4,3,1,11,9,6,15,33,8
Escocia,Saint Mirren FC,30,5,6,4,2,2,11,7,8,15,29,9
Escocia,Ross County FC,30,5,3,6,2,5,9,7,8,15,29,10
Escocia,Hamilton Academical FC,30,4,3,9,2,6,6,6,9,15,27,11
Escocia,Heart of Midlothian FC,30,2,7,6,2,4,9,4,11,15,23,12
Eslovaquia,ŠK Slovan Bratislava,22,10,1,0,7,3,1,17,4,1,55,1
Eslovaquia,MŠK Žilina,22,7,3,1,6,3,2,13,6,3,45,2
Eslovaquia,FC DAC 1904 Dunajská Streda,22,6,3,2,5,2,4,11,5,6,38,3
Eslovaquia,FC Spartak Trnava,22,6,2,3,3,1,7,9,3,10,30,4
Eslovaquia,MFK Zemplín Michalovce,22,6,2,3,2,4,5,8,6,8,30,5
Eslovaquia,MFK Ružomberok,22,1,7,3,5,3,3,6,10,6,28,6
Eslovaquia,AS Trenčín,22,5,3,3,2,3,6,7,6,9,27,7
Eslovaquia,FC ViOn Zlaté Moravce,22,4,3,4,2,5,4,6,8,8,26,8
Eslovaquia,FK Senica,22,4,1,6,2,5,4,6,6,10,24,9
Eslovaquia,SK Sered,22,3,4,4,2,3,6,5,7,10,22,10
Eslovaquia,FC Nitra,22,2,3,6,3,1,7,5,4,13,19,11
Eslovaquia,TJ Sokol Dolná Zdana,22,1,4,6,2,3,6,3,7,12,16,12
Eslovenia,NK Olimpija Ljubljana,25,7,2,3,8,3,2,15,5,5,50,1
Eslovenia,NK Celje,25,8,4,1,4,5,3,12,9,4,45,2
Eslovenia,NK Aluminij,25,8,2,2,5,4,4,13,6,6,45,3
Eslovenia,NK Maribor,25,6,4,3,6,3,3,12,7,6,43,4
Eslovenia,NS Mura,25,6,4,2,3,7,3,9,11,5,38,5
Eslovenia,NK Tabor Sezana,25,7,3,3,1,2,9,8,5,12,29,6
Eslovenia,ASK Bravo Publikum,25,5,4,4,2,3,7,7,7,11,28,7
Eslovenia,NK Triglav,25,5,1,6,3,2,8,8,3,14,27,8
Eslovenia,NK Domžale,25,4,4,5,3,1,8,7,5,13,26,9
Eslovenia,NK Rudar Velenje,25,0,6,6,0,4,9,0,10,15,10,10
España,FC Barcelona,27,13,1,0,5,3,5,18,4,5,58,1
España,Real Madrid CF,27,9,4,0,7,4,3,16,8,3,56,2
España,Sevilla FC,27,6,5,2,7,3,4,13,8,6,47,3
España,Real Sociedad de Fútbol,27,8,2,3,6,2,6,14,4,9,46,4
España,Getafe CF,27,7,4,3,6,3,4,13,7,7,46,5
España,Club Atlético de Madrid,27,8,5,1,3,7,3,11,12,4,45,6
España,Valencia CF,27,8,6,0,3,3,7,11,9,7,42,7
España,Villarreal CF,27,6,4,3,5,1,8,11,5,11,38,8
España,Granada CF,27,8,2,3,3,3,8,11,5,11,38,9
España,Athletic Club,27,7,3,3,2,7,5,9,10,8,37,10
España,CA Osasuna,27,5,5,4,3,5,5,8,10,9,34,11
España,Real Betis Balompié,27,7,3,4,1,6,6,8,9,10,33,12
España,Levante UD,27,7,3,3,3,0,11,10,3,14,33,13
España,Deportivo Alavés,27,6,5,3,2,3,8,8,8,11,32,14
España,Real Valladolid CF,27,3,7,3,3,4,7,6,11,10,29,15
España,SD Eibar,27,6,1,7,1,5,7,7,6,14,27,16
España,RC Celta de Vigo,27,4,5,4,1,6,7,5,11,11,26,17
España,RCD Mallorca,27,6,2,6,1,2,10,7,4,16,25,18
España,CD Leganés,27,4,3,7,1,5,7,5,8,14,23,19
España,RCD Espanyol,27,1,5,7,3,3,8,4,8,15,20,20
Estonia,Paide Linnameeskond,1,0,0,0,1,0,0,1,0,0,3,1
Estonia,FC Flora Tallinn,1,1,0,0,0,0,0,1,0,0,3,2
Estonia,JK Tammeka Tartu,1,1,0,0,0,0,0,1,0,0,3,3
Estonia,FC Levadia Tallinn,1,1,0,0,0,0,0,1,0,0,3,4
Estonia,Nõmme Kalju FC,1,0,0,0,1,0,0,1,0,0,3,5
Estonia,Tulevik,1,0,0,0,0,0,1,0,0,1,0,6
Estonia,FC Kuressaare,1,0,0,0,0,0,1,0,0,1,0,7
Estonia,JK Narva Trans,1,0,0,1,0,0,0,0,0,1,0,8
Estonia,Tallinna JK Legion,1,0,0,0,0,0,1,0,0,1,0,9
Estonia,JK Tallinna Kalev,1,0,0,1,0,0,0,0,0,1,0,10
Finlandia,HIFK Helsinki,0,0,0,0,0,0,0,0,0,0,0,1
Finlandia,HJK Helsinki,0,0,0,0,0,0,0,0,0,0,0,2
Finlandia,Valkeakosken Haka,0,0,0,0,0,0,0,0,0,0,0,3
Finlandia,FC Honka Espoo,0,0,0,0,0,0,0,0,0,0,0,4
Finlandia,IFK Mariehamn,0,0,0,0,0,0,0,0,0,0,0,5
Finlandia,Ilves Tampere,0,0,0,0,0,0,0,0,0,0,0,6
Finlandia,FC Inter Turku,0,0,0,0,0,0,0,0,0,0,0,7
Finlandia,KuPS Kuopio,0,0,0,0,0,0,0,0,0,0,0,8
Finlandia,FC Lahti,0,0,0,0,0,0,0,0,0,0,0,9
Finlandia,RoPS Rovaniemi,0,0,0,0,0,0,0,0,0,0,0,10
Finlandia,SJK Seinäjoki,0,0,0,0,0,0,0,0,0,0,0,11
Finlandia,TPS Turku,0,0,0,0,0,0,0,0,0,0,0,12
Francia,Paris Saint-Germain,27,12,1,1,10,1,2,22,2,3,68,1
Francia,Olympique de Marseille,28,8,4,2,8,4,2,16,8,4,56,2
Francia,Stade Rennais FC,28,9,2,3,6,3,5,15,5,8,50,3
Francia,LOSC Lille,28,11,2,2,4,2,7,15,4,9,49,4
Francia,Stade de Reims,28,5,7,2,5,4,5,10,11,7,41,5
Francia,OGC Nice,28,8,4,3,3,4,6,11,8,9,41,6
Francia,Olympique Lyonnais,28,5,4,4,6,3,6,11,7,10,40,7
Francia,Montpellier Hérault SC,28,10,2,2,1,5,8,11,7,10,40,8
Francia,AS Monaco FC,28,8,2,4,3,5,6,11,7,10,40,9
Francia,Angers SCO,28,8,3,4,3,3,7,11,6,11,39,10
Francia,Racing Club de Strasbourg Alsace,27,7,3,3,4,2,8,11,5,11,38,11
Francia,FC Girondins de Bordeaux,28,4,5,4,5,5,5,9,10,9,37,12
Francia,FC Nantes ,28,6,2,6,5,2,7,11,4,13,37,13
Francia,Stade Brestois 29,28,6,6,2,2,4,8,8,10,10,34,14
Francia,FC Metz,28,5,4,5,3,6,5,8,10,10,34,15
Francia,Dijon FCO,28,6,6,2,1,3,10,7,9,12,30,16
Francia,AS Saint-Étienne,28,4,6,4,4,0,10,8,6,14,30,17
Francia,Nîmes Olympique SC,28,6,2,6,1,4,9,7,6,15,27,18
Francia,Amiens,28,3,5,6,1,6,7,4,11,13,23,19
Francia,Toulouse FC,28,3,0,10,0,4,11,3,4,21,13,20
Gales,Connah's Quay Nomads FC,26,10,3,0,6,5,2,16,8,2,56,1
Gales,The New Saints FC,26,9,1,3,7,3,3,16,4,6,52,2
Gales,Bala Town FC,26,7,3,3,8,1,4,15,4,7,49,3
Gales,Barry Town AFC,25,5,4,4,7,2,3,12,6,7,42,4
Gales,Caernarfon Town FC,26,8,2,3,3,3,7,11,5,10,38,5
Gales,Newtown AFC,25,4,5,3,6,0,7,10,5,10,35,6
Gales,Cardiff Metropolitan University FC,25,6,3,4,3,5,4,9,8,8,35,7
Gales,Cefn Druids AFC,25,5,2,5,5,3,5,10,5,10,35,8
Gales,Aberystwyth Town FC,26,3,2,8,4,4,5,7,6,13,27,9
Gales,Penybont FC,25,2,4,7,3,2,7,5,6,14,21,10
Gales,Carmarthen Town AFC,25,2,3,8,2,3,7,4,6,15,18,11
Gales,AUK Broughton FC,26,2,2,8,2,3,9,4,5,17,17,12
Georgia,FC Locomotive Tbilisi,2,1,0,0,1,0,0,2,0,0,6,1
Georgia,FC Dila Gori,2,0,0,0,1,1,0,1,1,0,4,2
Georgia,FC Saburtalo,2,1,0,0,0,1,0,1,1,0,4,3
Georgia,FC Samtredia,2,1,0,0,0,0,1,1,0,1,3,4
Georgia,FC Dinamo Batumi,2,0,1,0,0,1,0,0,2,0,2,5
Georgia,FC Dinamo Tbilisi,2,0,2,0,0,0,0,0,2,0,2,6
Georgia,Telavi,2,0,1,0,0,1,0,0,2,0,2,7
Georgia,FC Norchi Dinamoeli Tbilisi,2,0,1,0,0,1,0,0,2,0,2,8
Georgia,FC Chikhura Sachkhere,2,0,0,1,0,0,1,0,0,2,0,9
Georgia,FC Torpedo Kutaisi,2,0,0,1,0,0,1,0,0,2,0,10
Gibraltar,Europa FC,11,5,1,0,5,0,0,10,1,0,31,1
Gibraltar,St Joseph's FC,11,6,1,0,3,1,0,9,2,0,29,2
Gibraltar,Lincoln Red Imps FC,11,5,0,0,4,0,2,9,0,2,27,3
Gibraltar,Lynx FC,11,5,0,0,2,2,2,7,2,2,23,4
Gibraltar,FC Magpies,11,1,0,4,5,0,1,6,0,5,18,5
Gibraltar,Lions Gibraltar FC,11,1,2,3,3,1,1,4,3,4,15,6
Gibraltar,Mons Calpe SC,11,0,1,4,4,1,1,4,2,5,14,7
Gibraltar,Manchester 62 FC,11,0,1,4,3,0,3,3,1,7,10,8
Gibraltar,Boca Juniors Gibraltar FC,11,0,2,3,2,1,3,2,3,6,9,9
Gibraltar,Europa Point FC,11,1,0,4,1,2,3,2,2,7,8,10
Gibraltar,Glacis United FC,11,1,0,5,1,0,4,2,0,9,6,11
Gibraltar,College 1975 FC,11,0,0,6,0,0,5,0,0,11,0,12
Grecia,Olympiacos FC,26,12,1,0,8,5,0,20,6,0,66,1
Grecia,PAOK FC,26,10,2,1,8,3,2,18,5,3,59,2
Grecia,AEK Athens FC,26,9,3,1,6,3,4,15,6,5,51,3
Grecia,Panathinaikos FC,26,8,2,3,4,6,3,12,8,6,44,4
Grecia,OFI Crete FC,26,8,2,3,2,2,9,10,4,12,34,5
Grecia,Aris Thessaloniki FC,26,7,2,4,1,8,4,8,10,8,34,6
Grecia,Atromitos FC,26,5,4,4,4,1,8,9,5,12,32,7
Grecia,AE Larissa FC,26,5,3,5,2,6,5,7,9,10,30,8
Grecia,Xanthi FC,26,4,5,4,4,1,8,8,6,12,30,9
Grecia,Asteras Tripolis FC,26,6,4,3,2,2,9,8,6,12,30,10
Grecia,PAS Lamia,26,3,8,2,2,4,7,5,12,9,27,11
Grecia,Volos NFC,26,5,3,5,2,3,8,7,6,13,27,12
Grecia,Panetolikos GFS,26,3,5,5,0,3,10,3,8,15,17,13
Grecia,Panionios GSS,26,3,4,6,1,1,11,4,5,17,11,14
Holanda,AFC Ajax,25,11,0,2,7,2,3,18,2,5,56,1
Holanda,AZ Alkmaar,25,10,1,2,8,1,3,18,2,5,56,2
Holanda,Feyenoord,25,9,3,1,5,5,2,14,8,3,50,3
Holanda,PSV Eindhoven,26,8,3,1,6,4,4,14,7,5,49,4
Holanda,Willem II,26,7,4,2,6,1,6,13,5,8,44,5
Holanda,FC Utrecht,25,8,0,4,4,5,4,12,5,8,41,6
Holanda,Vitesse,26,7,3,3,5,2,6,12,5,9,41,7
Holanda,Heracles Almelo,26,8,1,4,2,5,6,10,6,10,36,8
Holanda,FC Groningen,26,7,1,5,3,4,6,10,5,11,35,9
Holanda,sc Heerenveen,26,3,8,3,5,1,6,8,9,9,33,10
Holanda,Sparta Rotterdam,26,7,3,3,2,3,8,9,6,11,33,11
Holanda,Emmen,26,9,2,2,0,3,10,9,5,12,32,12
Holanda,VVV-Venlo,26,5,3,5,3,1,9,8,4,14,28,13
Holanda,FC Twente,26,5,3,5,2,3,8,7,6,13,27,14
Holanda,PEC Zwolle,26,5,2,5,2,3,9,7,5,14,26,15
Holanda,SC Fortuna Sittard,26,6,4,3,0,4,9,6,8,12,26,16
Holanda,ADO Den Haag,26,2,6,5,2,1,10,4,7,15,19,17
Holanda,RKC Waalwijk,26,3,2,8,1,1,11,4,3,19,15,18
Hungría,Ferencvárosi TC,23,9,3,0,7,2,2,16,5,2,53,1
Hungría,Fehérvár FC,25,7,2,4,8,3,1,15,5,5,50,2
Hungría,Mezőkövesd Zsóry SE,25,6,3,4,7,3,2,13,6,6,45,3
Hungría,Puskás Akadémia FC,25,4,3,5,6,6,1,10,9,6,39,4
Hungría,Diósgyőri VTK,25,6,1,5,5,3,5,11,4,10,37,5
Hungría,Budapest Honvéd FC,25,4,3,6,5,4,3,9,7,9,34,6
Hungría,Varda SE,25,6,2,4,3,2,8,9,4,12,31,7
Hungría,Debreceni VSC,24,6,2,5,3,1,7,9,3,12,30,8
Hungría,Újpest FC,24,2,3,6,6,2,5,8,5,11,29,9
Hungría,Paksi FC,25,5,2,5,3,2,8,8,4,13,28,10
Hungría,Zalaegerszegi TE,25,3,5,4,4,2,7,7,7,11,28,11
Hungría,Kaposvári Rákóczi FC,25,2,1,10,1,0,11,3,1,21,10,12
Inglaterra,Liverpool FC,29,15,0,0,12,1,1,27,1,1,82,1
Inglaterra,Manchester City FC,28,9,2,2,9,1,5,18,3,7,57,2
Inglaterra,Leicester City FC,29,9,3,3,7,2,5,16,5,8,53,3
Inglaterra,Chelsea FC,29,7,3,5,7,3,4,14,6,9,48,4
Inglaterra,Manchester United FC,29,8,5,2,4,4,6,12,9,8,45,5
Inglaterra,Wolverhampton Wanderers FC,29,5,7,3,5,6,3,10,13,6,43,6
Inglaterra,Sheffield United FC,28,7,3,5,4,7,2,11,10,7,43,7
Inglaterra,Tottenham Hotspur,29,8,2,4,3,6,6,11,8,10,41,8
Inglaterra,Arsenal FC,28,7,5,3,2,8,3,9,13,6,40,9
Inglaterra,Burnley FC,29,7,2,6,4,4,6,11,6,12,39,10
Inglaterra,Crystal Palace FC,29,6,4,5,4,5,5,10,9,10,39,11
Inglaterra,Everton FC,29,7,4,3,3,3,9,10,7,12,37,12
Inglaterra,Newcastle United FC,29,5,6,3,4,2,9,9,8,12,35,13
Inglaterra,Southampton FC,29,4,2,9,6,2,6,10,4,15,34,14
Inglaterra,Brighton & Hove Albion FC,29,4,6,4,2,5,8,6,11,12,29,15
Inglaterra,West Ham United FC,29,4,3,7,3,3,9,7,6,16,27,16
Inglaterra,Watford FC,29,4,5,5,2,4,9,6,9,14,27,17
Inglaterra,AFC Bournemouth,29,4,5,5,3,1,11,7,6,16,27,18
Inglaterra,Aston Villa FC,28,5,2,6,2,2,11,7,4,17,25,19
Inglaterra,Norwich City FC,29,4,3,7,1,3,11,5,6,18,21,20
Irlanda del Norte,Linfield FC,31,12,2,1,10,1,5,22,3,6,69,1
Irlanda del Norte,Coleraine FC,31,9,5,1,10,3,3,19,8,4,65,2
Irlanda del Norte,Crusaders FC,31,10,3,3,7,5,3,17,8,6,59,3
Irlanda del Norte,Cliftonville FC,31,9,2,4,9,3,4,18,5,8,59,4
Irlanda del Norte,Glentoran FC,31,10,3,3,7,4,4,17,7,7,58,5
Irlanda del Norte,Larne FC,31,7,6,3,9,2,4,16,8,7,56,6
Irlanda del Norte,Glenavon FC,31,7,5,3,3,0,13,10,5,16,35,7
Irlanda del Norte,Carrick Rangers FC,31,5,0,11,5,2,8,10,2,19,32,8
Irlanda del Norte,Dungannon Swifts FC,31,6,3,7,2,3,10,8,6,17,30,9
Irlanda del Norte,Ballymena United FC,31,4,3,9,3,3,9,7,6,18,27,10
Irlanda del Norte,Warrenpoint Town FC,31,3,1,11,2,2,12,5,3,23,18,11
Irlanda del Norte,Institute FC,31,1,2,12,1,7,8,2,9,20,15,12
Islandia,Breidablik,0,0,0,0,0,0,0,0,0,0,0,1
Islandia,FH Hafnarfjördur,0,0,0,0,0,0,0,0,0,0,0,2
Islandia,Fjölnir,0,0,0,0,0,0,0,0,0,0,0,3
Islandia,Fylkir,0,0,0,0,0,0,0,0,0,0,0,4
Islandia,Grótta,0,0,0,0,0,0,0,0,0,0,0,5
Islandia,HK Kópavogs,0,0,0,0,0,0,0,0,0,0,0,6
Islandia,ÍA Akranes,0,0,0,0,0,0,0,0,0,0,0,7
Islandia,KA Akureyri,0,0,0,0,0,0,0,0,0,0,0,8
Islandia,KR Reykjavík,0,0,0,0,0,0,0,0,0,0,0,9
Islandia,Stjarnan,0,0,0,0,0,0,0,0,0,0,0,10
Islandia,Valur,0,0,0,0,0,0,0,0,0,0,0,11
Islandia,Víkingur Reykjavík,0,0,0,0,0,0,0,0,0,0,0,12
Islas Feroe,KÍ Klaksvík,27,10,2,1,11,1,2,21,3,3,66,1
Islas Feroe,B36 Tórshavn,27,10,2,2,10,1,2,20,3,4,63,2
Islas Feroe,NSÍ Runavík,27,10,1,3,8,2,3,18,3,6,57,3
Islas Feroe,HB Tórshavn,27,10,2,2,5,4,4,15,6,6,51,4
Islas Feroe,Víkingur,27,7,3,3,9,0,5,16,3,8,51,5
Islas Feroe,Skála ÍF,27,5,0,9,7,1,5,12,1,14,37,6
Islas Feroe,AB Argir,27,2,2,10,4,1,8,6,3,18,21,7
Islas Feroe,TB Tvøroyri,27,4,1,8,1,3,10,5,4,18,19,8
Islas Feroe,EB/Streymur,27,2,1,10,3,2,9,5,3,19,18,9
Islas Feroe,ÍF Fuglafjørdur,27,0,2,11,1,1,12,1,3,23,6,10
Israel,Maccabi Tel-Aviv FC,26,8,5,0,11,2,0,19,7,0,64,1
Israel,Maccabi Haifa FC,26,9,2,2,9,2,2,18,4,4,58,2
Israel,Beitar Jerusalem FC,26,7,2,4,8,2,3,15,4,7,49,3
Israel,Hapoel Beer-Sheva FC,26,9,1,3,4,4,5,13,5,8,44,4
Israel,Hapoel Tel-Aviv FC,26,5,4,4,6,1,6,11,5,10,38,5
Israel,Hapoel Haifa FC,26,5,3,5,5,4,4,10,7,9,37,6
Israel,Bnei Yehuda Tel-Aviv FC,26,2,3,8,7,4,2,9,7,10,34,7
Israel,Hapoel Hadera,26,5,3,5,4,4,5,9,7,10,34,8
Israel,Maccabi Netanya FC,26,5,3,5,3,4,6,8,7,11,31,9
Israel,FC Ashdod,26,3,6,4,3,4,6,6,10,10,28,10
Israel,Hapoel Kfar-Saba FC,26,2,2,9,5,3,5,7,5,14,26,11
Israel,Hapoel Kiryat Shmona FC,26,5,1,7,1,3,9,6,4,16,22,12
Israel,Sektzia Nes Tziona FC,26,4,1,8,1,5,7,5,6,15,21,13
Israel,Hapoel Ra'anana FC,26,2,8,3,0,2,11,2,10,14,16,14
Italia,Juventus,26,12,1,0,8,2,3,20,3,3,63,1
Italia,SS Lazio,26,11,3,0,8,2,2,19,5,2,62,2
Italia,FC Internazionale Milano,25,7,4,1,9,2,2,16,6,3,54,3
Italia,Atalanta BC,25,6,2,4,8,4,1,14,6,5,48,4
Italia,AS Roma,26,6,3,4,7,3,3,13,6,7,45,5
Italia,SSC Napoli,26,5,2,6,6,4,3,11,6,9,39,6
Italia,AC Milan,26,4,5,4,6,1,6,10,6,10,36,7
Italia,Hellas Verona FC,25,6,3,3,3,5,5,9,8,8,35,8
Italia,Parma FC,25,6,1,6,4,4,4,10,5,10,35,9
Italia,Bologna FC,26,4,5,4,5,2,6,9,7,10,34,10
Italia,US Sassuolo Calcio,25,6,1,6,3,4,5,9,5,11,32,11
Italia,Cagliari Calcio,25,5,2,6,3,6,3,8,8,9,32,12
Italia,ACF Fiorentina,26,3,5,5,4,4,5,7,9,10,30,13
Italia,Udinese Calcio,26,5,4,4,2,3,8,7,7,12,28,14
Italia,Torino FC,25,4,2,6,4,1,8,8,3,14,27,15
Italia,UC Sampdoria,25,4,4,6,3,1,7,7,5,13,26,16
Italia,Genoa CFC,26,4,1,7,2,6,6,6,7,13,25,17
Italia,US Lecce,26,2,5,6,4,2,7,6,7,13,25,18
Italia,SPAL,26,2,2,8,3,1,10,5,3,18,18,19
Italia,Brescia Calcio,26,1,3,9,3,1,9,4,4,18,16,20
Kazajstán,FC Astana,3,1,1,0,1,0,0,2,1,0,7,1
Kazajstán,FC Kairat Almaty,3,2,0,0,0,0,1,2,0,1,6,2
Kazajstán,FC Kaysar Kyzylorda,2,1,0,0,1,0,0,2,0,0,6,3
Kazajstán,FC Tobol Kostanay,2,1,0,0,0,1,0,1,1,0,4,4
Kazajstán,FC Zhetysu Taldykorgan,2,0,1,0,1,0,0,1,1,0,4,5
Kazajstán,FC Ordabasy Shymkent,3,1,0,0,0,1,1,1,1,1,4,6
Kazajstán,FC Taraz,2,1,0,0,0,0,1,1,0,1,3,7
Kazajstán,FC Shakhter Karagandy,2,1,0,0,0,0,1,1,0,1,3,8
Kazajstán,FC Irtysh Pavlodar,2,0,1,0,0,0,1,0,1,1,1,9
Kazajstán,FC Kyzylzhar Petropavlovsk,2,0,0,0,0,1,1,0,1,1,1,10
Kazajstán,FC Kaspiy Aktau,2,0,0,2,0,0,0,0,0,2,0,11
Kazajstán,FC Okzhetpes Kokshetau,3,0,0,1,0,0,2,0,0,3,0,12
Kosovo,Ballkani,22,10,1,0,3,4,4,13,5,4,44,1
Kosovo,KF Drita,22,9,1,1,4,3,4,13,4,5,43,2
Kosovo,KF Gjilani,22,7,2,2,6,0,5,13,2,7,41,3
Kosovo,FC Prishtina,22,7,2,2,5,3,3,12,5,5,41,4
Kosovo,KF Feronikeli,22,7,1,3,3,3,5,10,4,8,34,5
Kosovo,KF Llapi,22,6,2,3,4,2,5,10,4,8,34,6
Kosovo,KF Drenica,22,6,1,4,2,5,4,8,6,8,30,7
Kosovo,Flamurtari Prishtina,22,6,3,2,2,1,8,8,4,10,28,8
Kosovo,KF Trepça’89,22,6,3,2,1,2,8,7,5,10,26,9
Kosovo,KF Ferizaj,22,4,1,6,4,0,7,8,1,13,25,10
Kosovo,Vushtrria,22,3,4,4,1,0,10,4,4,14,16,11
Kosovo,Dukagjini,22,2,3,6,0,1,10,2,4,16,10,12
Letonia,Riga FC,32,10,4,2,10,2,4,20,6,6,66,1
Letonia,RFS,32,11,2,3,6,6,4,17,8,7,59,2
Letonia,FK Ventspils,32,8,7,1,4,4,8,12,11,9,47,3
Letonia,FK Valmiera,32,7,4,5,5,6,5,12,10,10,46,4
Letonia,FK Spartaks Jūrmala,32,9,1,6,4,4,8,13,5,14,44,5
Letonia,FK Liepāja,32,6,4,6,5,2,9,11,6,15,39,6
Letonia,FK Jelgava,32,4,6,6,5,5,6,9,11,12,38,7
Letonia,BFC Daugavpils,32,5,4,7,3,3,10,8,7,17,31,8
Letonia,FS METTA,32,4,4,8,2,4,10,6,8,18,26,9
Lituania,FK Sūduva,33,16,0,1,13,0,3,29,0,4,87,1
Lituania,FK Žalgiris Vilnius,33,14,1,2,10,1,5,24,2,7,74,2
Lituania,FK Riteriai,33,8,6,3,8,1,7,16,7,10,55,3
Lituania,FK Kauno Žalgiris,33,10,1,5,6,4,7,16,5,12,53,4
Lituania,Panevezys,33,6,4,6,4,3,10,10,7,16,37,5
Lituania,FK Atlantas,33,5,2,9,2,3,12,7,5,21,26,6
Lituania,FK Palanga,28,3,1,10,3,0,11,6,1,21,19,7
Lituania,FC Stumbras,28,4,0,10,0,3,11,4,3,21,15,8
Luxemburgo,CS Fola Esch,17,7,0,1,5,3,1,12,3,2,39,1
Luxemburgo,FC Progrès Niederkorn,17,6,2,1,5,2,1,11,4,2,37,2
Luxemburgo,FC Differdange 03,17,4,1,3,7,1,1,11,2,4,35,3
Luxemburgo,FC Union Titus Pétange,17,5,3,1,5,0,3,10,3,4,33,4
Luxemburgo,F91 Dudelange,17,4,2,2,4,0,5,8,2,7,26,5
Luxemburgo,FC UNA Strassen,17,5,1,2,2,4,3,7,5,5,26,6
Luxemburgo,Racing FC Union Lëtzebuerg,17,3,4,2,3,3,2,6,7,4,25,7
Luxemburgo,AS Jeunesse Esch,17,3,2,4,2,2,4,5,4,8,19,8
Luxemburgo,FC Victoria Rosport,17,3,0,5,2,3,4,5,3,9,18,9
Luxemburgo,FC Etzella Ettelbruck,17,2,0,7,3,2,3,5,2,10,17,10
Luxemburgo,US Hostert,17,2,1,6,3,0,5,5,1,11,16,11
Luxemburgo,US Mondorf-les-Bains,17,1,2,5,2,4,3,3,6,8,15,12
Luxemburgo,FC Rodange 91,17,2,3,3,2,0,7,4,3,10,15,13
Luxemburgo,FC Muhlenbach Sandzak,17,2,3,4,1,0,7,3,3,11,12,14
Macedonia del Norte,FK Vardar,23,8,3,1,5,4,2,13,7,3,46,1
Macedonia del Norte,FK Sileks,23,8,2,1,2,4,6,10,6,7,36,2
Macedonia del Norte,KF Shkëndija,23,7,2,2,3,3,6,10,5,8,35,3
Macedonia del Norte,KF Renova,23,6,3,3,3,1,7,9,4,10,31,4
Macedonia del Norte,FC Shkupi 1927,23,6,3,3,1,5,5,7,8,8,29,5
Macedonia del Norte,FK Makedonija GP Skopje,23,3,5,3,4,3,5,7,8,8,29,6
Macedonia del Norte,Akademija Pandev,23,5,4,3,2,3,6,7,7,9,28,7
Macedonia del Norte,FK Rabotnicki,23,6,1,4,2,3,7,8,4,11,28,8
Macedonia del Norte,FK Borec Veles,23,6,4,1,1,2,9,7,6,10,27,9
Macedonia del Norte,FC Struga,23,5,4,3,1,3,7,6,7,10,25,10
Malta,Floriana FC,20,5,2,3,7,3,0,12,5,3,41,1
Malta,Valletta FC,20,4,2,4,7,3,0,11,5,4,38,2
Malta,Hibernians FC,20,7,0,3,4,4,2,11,4,5,37,3
Malta,FC Sirens,20,3,4,2,7,1,3,10,5,5,35,4
Malta,Birkirkara FC,20,4,3,3,5,3,2,9,6,5,33,5
Malta,Gżira United FC,20,3,3,4,6,2,2,9,5,6,32,6
Malta,Balzan FC,20,4,2,4,4,2,4,8,4,8,28,7
Malta,Mosta FC,20,5,1,4,4,0,6,9,1,10,28,8
Malta,Hamrun Spartans FC,20,2,4,5,4,3,2,6,7,7,25,9
Malta,Sliema Wanderers FC,20,5,1,5,2,2,5,7,3,10,24,10
Malta,Gudja United ,20,3,3,3,3,3,5,6,6,8,24,11
Malta,Santa Lucia,20,2,3,6,4,2,3,6,5,9,23,12
Malta,Senglea Athletic FC,20,3,4,3,0,3,7,3,7,10,16,13
Malta,Tarxien Rainbows FC,20,0,0,9,1,1,9,1,1,18,4,14
Moldavia,FC Sheriff Tiraspol,28,12,1,1,10,3,1,22,4,2,70,1
Moldavia,FC Sfintul Gheorghe Suruceni,28,8,3,3,8,2,4,16,5,7,53,2
Moldavia,Petrocub-Hincesti,28,6,6,2,8,2,4,14,8,6,50,3
Moldavia,FC Dinamo-Auto Tiraspol,28,7,2,5,5,3,6,12,5,11,41,4
Moldavia,FC Milsami Orhei,28,4,5,5,6,4,4,10,9,9,39,5
Moldavia,FC Speranța Nisporeni,28,4,5,5,4,6,4,8,11,9,35,6
Moldavia,FC Zimbru Chisinau,28,1,4,9,2,3,9,3,7,18,16,7
Moldavia,FC Codru,28,0,1,13,0,4,10,0,5,23,5,8
Montenegro,FK Budućnost Podgorica,23,10,1,1,7,2,2,17,3,3,54,1
Montenegro,FK Sutjeska,23,7,2,2,5,5,2,12,7,4,43,2
Montenegro,FK Iskra,23,6,2,3,4,5,3,10,7,6,37,3
Montenegro,FK Rudar Pljevlja,23,6,2,3,4,1,7,10,3,10,33,4
Montenegro,FK Zeta,23,5,4,2,2,5,5,7,9,7,30,5
Montenegro,FK Podgorica,23,4,6,1,2,5,5,6,11,6,29,6
Montenegro,OFK Titograd,23,3,1,8,3,4,4,6,5,12,23,7
Montenegro,OFK Petrovac,23,2,3,7,4,2,5,6,5,12,23,8
Montenegro,FK Kom,23,3,5,4,2,2,7,5,7,11,22,9
Montenegro,OFK Grbalj,23,1,7,4,2,2,7,3,9,11,18,10
Noruega,Aalesunds FK,0,0,0,0,0,0,0,0,0,0,0,1
Noruega,FK Bodø/Glimt,0,0,0,0,0,0,0,0,0,0,0,2
Noruega,SK Brann,0,0,0,0,0,0,0,0,0,0,0,3
Noruega,FK Haugesund,0,0,0,0,0,0,0,0,0,0,0,4
Noruega,IK Start,0,0,0,0,0,0,0,0,0,0,0,5
Noruega,Kristiansund BK,0,0,0,0,0,0,0,0,0,0,0,6
Noruega,Mjøndalen IF,0,0,0,0,0,0,0,0,0,0,0,7
Noruega,Molde FK,0,0,0,0,0,0,0,0,0,0,0,8
Noruega,Odds BK,0,0,0,0,0,0,0,0,0,0,0,9
Noruega,Rosenborg BK,0,0,0,0,0,0,0,0,0,0,0,10
Noruega,Sandefjord Fotball,0,0,0,0,0,0,0,0,0,0,0,11
Noruega,Sarpsborg 08 FF,0,0,0,0,0,0,0,0,0,0,0,12
Noruega,Stabæk Fotball,0,0,0,0,0,0,0,0,0,0,0,13
Noruega,Strømsgodset IF,0,0,0,0,0,0,0,0,0,0,0,14
Noruega,Viking FK,0,0,0,0,0,0,0,0,0,0,0,15
Noruega,Vålerenga Fotball,0,0,0,0,0,0,0,0,0,0,0,16
Polonia,Legia Warszawa,26,10,1,3,6,2,4,16,3,7,51,1
Polonia,GKS Piast Gliwice,26,9,2,2,4,2,7,13,4,9,43,2
Polonia,MKS Cracovia Kraków,26,9,1,3,4,2,7,13,3,10,42,3
Polonia,WKS Śląsk Wrocław,26,7,5,1,4,4,5,11,9,6,42,4
Polonia,KKS Lech Poznań,26,7,3,3,4,6,3,11,9,6,42,5
Polonia,MKS Pogoń Szczecin,26,5,3,4,6,5,3,11,8,7,41,6
Polonia,KS Lechia Gdańsk,26,5,4,4,5,4,4,10,8,8,38,7
Polonia,Jagiellonia Białystok,26,7,3,3,3,4,6,10,7,9,37,8
Polonia,Raków Czestochowa,26,7,2,4,4,1,8,11,3,12,36,9
Polonia,Wisła Płock,26,6,3,4,4,3,6,10,6,10,36,10
Polonia,Zagłębie Lubin,26,6,4,3,3,2,8,9,6,11,33,11
Polonia,Górnik Zabrze,26,8,4,1,0,5,8,8,9,9,33,12
Polonia,Wisła Kraków,26,6,2,5,3,2,8,9,4,13,31,13
Polonia,Korona Kielce,26,5,2,6,2,3,8,7,5,14,26,14
Polonia,Arka Gdynia,26,3,6,4,3,1,9,6,7,13,25,15
Polonia,ŁKS Łódź,26,4,3,6,1,2,10,5,5,16,20,16
Portugal,FC Porto,24,10,1,1,9,2,1,19,3,2,60,1
Portugal,SL Benfica,24,9,1,2,10,1,1,19,2,3,59,2
Portugal,SC Braga,24,7,3,2,7,1,4,14,4,6,46,3
Portugal,Sporting Clube de Portugal,24,8,0,4,5,3,4,13,3,8,42,4
Portugal,Rio Ave FC,24,4,5,3,6,3,3,10,8,6,38,5
Portugal,Vitória SC,24,6,2,4,4,5,3,10,7,7,37,6
Portugal,FC Famalicao,24,6,3,3,4,4,4,10,7,7,37,7
Portugal,Moreirense FC,24,6,3,3,1,6,5,7,9,8,30,8
Portugal,CD Santa Clara,24,4,2,6,4,4,4,8,6,10,30,9
Portugal,Gil Vicente FC,24,4,6,2,3,3,6,7,9,8,30,10
Portugal,Boavista FC,24,3,4,5,4,4,4,7,8,9,29,11
Portugal,Vitória FC,24,3,6,3,3,4,5,6,10,8,28,12
Portugal,Os Belenenses,24,4,2,6,3,3,6,7,5,12,26,13
Portugal,CD Tondela,24,1,5,6,5,2,5,6,7,11,25,14
Portugal,CS Marítimo,24,3,5,4,2,4,6,5,9,10,24,15
Portugal,FC Paços de Ferreira,24,4,2,7,2,2,7,6,4,14,22,16
Portugal,Portimonense SC,24,1,6,4,1,4,8,2,10,12,16,17
Portugal,CD Aves,24,3,0,9,1,1,10,4,1,19,13,18
República Checa,SK Slavia Praha,24,11,1,0,7,3,2,18,4,2,58,1
República Checa,FC Viktoria Plzeň,24,10,1,2,5,4,2,15,5,4,50,2
República Checa,FK Jablonec,24,7,2,3,4,5,3,11,7,6,40,3
República Checa,FC Baník Ostrava,24,6,4,3,5,1,5,11,5,8,38,4
República Checa,FK Mladá Boleslav,24,9,1,2,2,3,7,11,4,9,37,5
República Checa,1. FC Slovácko,24,6,3,2,4,4,5,10,7,7,37,6
República Checa,FC Slovan Liberec,23,7,2,3,4,1,6,11,3,9,36,7
República Checa,SK Dynamo České Budějovice,24,6,2,4,5,1,6,11,3,10,36,8
República Checa,AC Sparta Praha,24,6,3,3,3,5,4,9,8,7,35,9
República Checa,SK Sigma Olomouc,24,5,6,1,2,5,5,7,11,6,32,10
República Checa,Bohemians Praha 1905,24,6,4,1,1,2,10,7,6,11,27,11
República Checa,FK Teplice,23,3,5,3,2,4,6,5,9,9,24,12
República Checa,MFK Karviná,24,3,5,4,2,3,7,5,8,11,23,13
República Checa,FC Zlín,24,5,1,7,1,3,7,6,4,14,22,14
República Checa,SFC Opava,24,3,2,6,1,3,9,4,5,15,17,15
República Checa,1. FK Příbram,24,3,5,4,0,0,12,3,5,16,14,16
República de Irlanda,Shamrock Rovers FC,5,2,0,0,3,0,0,5,0,0,15,1
República de Irlanda,Dundalk FC,5,2,0,0,2,0,1,4,0,1,12,2
República de Irlanda,Bohemian FC,5,2,0,1,1,0,1,3,0,2,9,3
República de Irlanda,Saint Patrick's Athletic FC,4,1,0,1,1,0,1,2,0,2,6,4
República de Irlanda,Shelbourne FC,4,1,0,1,1,0,1,2,0,2,6,5
República de Irlanda,Waterford United FC,4,1,0,2,1,0,0,2,0,2,6,6
República de Irlanda,Derry City FC,4,1,1,0,0,0,2,1,1,2,4,7
República de Irlanda,Finn Harps FC,4,1,0,1,0,1,1,1,1,2,4,8
República de Irlanda,Cork City FC,5,1,0,1,0,0,3,1,0,4,3,9
República de Irlanda,Sligo Rovers FC,4,0,0,2,0,0,2,0,0,4,0,10
Rumanía,CFR 1907 Cluj,26,11,2,0,4,5,4,15,7,4,52,1
Rumanía,Universitatea Craiova,26,9,1,3,5,3,5,14,4,8,46,2
Rumanía,FC Botoşani,26,6,4,3,6,5,2,12,9,5,45,3
Rumanía,FCSB,26,5,4,4,8,1,4,13,5,8,44,4
Rumanía,CS Gaz Metan Mediaş,26,7,5,1,5,2,6,12,7,7,43,5
Rumanía,FC Astra Giurgiu,26,8,4,1,5,2,6,13,6,7,42,6
Rumanía,FC Viitorul,26,8,2,3,3,5,5,11,7,8,40,7
Rumanía,FC Dinamo Bucureşti,26,9,2,2,1,2,10,10,4,12,34,8
Rumanía,Sepsi Sfantu Gheorghe,26,5,4,4,2,8,3,7,12,7,33,9
Rumanía,Hermannstadt,26,5,5,3,0,5,8,5,10,11,25,10
Rumanía,Chindia Targoviste,26,3,4,6,3,3,7,6,7,13,25,11
Rumanía,CSM Politehnica Iaşi,26,4,4,5,1,3,9,5,7,14,22,12
Rumanía,FC Academica Clinceni,26,2,7,4,2,3,8,4,10,12,22,13
Rumanía,FC Voluntari,26,2,2,9,3,3,7,5,5,16,20,14
Rusia,FC Zenit,22,7,5,0,8,0,2,15,5,2,50,1
Rusia,FC Lokomotiv Moskva,22,5,2,3,7,3,2,12,5,5,41,2
Rusia,FC Krasnodar,22,6,5,0,5,3,3,11,8,3,41,3
Rusia,FC Rostov,22,7,2,2,4,3,4,11,5,6,38,4
Rusia,PFC CSKA Moskva,22,5,3,3,5,3,3,10,6,6,36,5
Rusia,FC Dinamo Moskva,22,3,3,5,5,3,3,8,6,8,30,6
Rusia,FC Arsenal Tula,22,3,3,5,5,1,5,8,4,10,28,7
Rusia,FC Spartak Moskva,22,3,2,6,5,2,4,8,4,10,28,8
Rusia,FC Ufa,22,4,3,3,2,6,4,6,9,7,27,9
Rusia,FC Ural Sverdlovsk Oblast,22,3,2,5,3,5,4,6,7,9,25,10
Rusia,Tambov,22,5,1,6,2,3,5,7,4,11,25,11
Rusia,PFC Sochi,22,4,2,6,2,4,4,6,6,10,24,12
Rusia,FC Orenburg,22,3,3,5,3,2,6,6,5,11,23,13
Rusia,FC Rubin,22,3,2,5,2,6,4,5,8,9,23,14
Rusia,PFC Krylya Sovetov Samara,22,2,3,6,4,1,6,6,4,12,22,15
Rusia,FC Akhmat Grozny,22,2,6,4,2,2,6,4,8,10,20,16
San Marino,La Fiorita 1967,7,3,0,0,2,2,0,5,2,0,17,1
San Marino,SP Tre Fiori,7,3,1,0,1,1,1,4,2,1,14,2
San Marino,SS Murata,7,1,1,2,3,0,0,4,1,2,13,3
San Marino,SS Folgore,7,1,2,0,2,1,1,3,3,1,12,4
San Marino,SS Pennarossa,7,3,0,0,1,0,3,4,0,3,12,5
San Marino,FC Domagnano,7,2,0,2,0,1,2,2,1,4,7,6
San Marino,SC Faetano,7,0,1,2,1,0,3,1,1,5,4,7
San Marino,AC Juvenes/Dogana,7,0,0,4,0,0,3,0,0,7,0,8
Serbia,FK Crvena zvezda,26,12,1,0,10,2,1,22,3,1,69,1
Serbia,FK Partizan,26,10,1,2,8,3,2,18,4,4,58,2
Serbia,FK Vojvodina,26,9,2,2,8,2,3,17,4,5,55,3
Serbia,Backa Topola,26,8,5,0,6,3,4,14,8,4,50,4
Serbia,FK Čukarički,26,11,1,1,3,4,6,14,5,7,47,5
Serbia,FK Radnicki Niš,26,9,0,4,4,3,6,13,3,10,42,6
Serbia,FK Spartak Subotica,26,8,2,3,3,2,8,11,4,11,37,7
Serbia,FK Mladost Lučani,26,6,3,4,5,1,7,11,4,11,37,8
Serbia,FK Voždovac,26,7,1,5,3,4,6,10,5,11,35,9
Serbia,FK Radnik Surdulica,26,5,3,5,3,2,8,8,5,13,29,10
Serbia,FK Proleter,26,5,3,5,2,4,7,7,7,12,28,11
Serbia,FK Napredak,26,3,4,6,4,1,8,7,5,14,26,12
Serbia,FK Javor,26,4,5,4,1,4,8,5,9,12,24,13
Serbia,FK Indjija,26,4,3,6,1,1,11,5,4,17,19,14
Serbia,FK Rad,26,4,3,6,0,0,13,4,3,19,15,15
Serbia,Macva Sabac,26,2,3,8,0,4,9,2,7,17,13,16
Suecia,AIK,0,0,0,0,0,0,0,0,0,0,0,1
Suecia,BK Häcken,0,0,0,0,0,0,0,0,0,0,0,2
Suecia,Djurgårdens IF,0,0,0,0,0,0,0,0,0,0,0,3
Suecia,Falkenbergs FF,0,0,0,0,0,0,0,0,0,0,0,4
Suecia,Hammarby Fotboll,0,0,0,0,0,0,0,0,0,0,0,5
Suecia,Helsingborgs IF,0,0,0,0,0,0,0,0,0,0,0,6
Suecia,IF Elfsborg,0,0,0,0,0,0,0,0,0,0,0,7
Suecia,IFK Göteborg,0,0,0,0,0,0,0,0,0,0,0,8
Suecia,IFK Norrköping FK,0,0,0,0,0,0,0,0,0,0,0,9
Suecia,IK Sirius,0,0,0,0,0,0,0,0,0,0,0,10
Suecia,Kalmar FF,0,0,0,0,0,0,0,0,0,0,0,11
Suecia,Malmö FF,0,0,0,0,0,0,0,0,0,0,0,12
Suecia,Mjällby AIF,0,0,0,0,0,0,0,0,0,0,0,13
Suecia,Varbergs Bois ,0,0,0,0,0,0,0,0,0,0,0,14
Suecia,Örebro SK,0,0,0,0,0,0,0,0,0,0,0,15
Suecia,Östersunds FK,0,0,0,0,0,0,0,0,0,0,0,16
Suiza,FC St. Gallen,23,7,2,3,7,1,3,14,3,6,45,1
Suiza,BSC Young Boys,23,9,2,0,4,4,4,13,6,4,45,2
Suiza,FC Basel 1893,23,7,2,3,5,2,4,12,4,7,40,3
Suiza,Servette FC,23,6,3,2,4,4,4,10,7,6,37,4
Suiza,FC Zürich,23,5,2,5,4,3,4,9,5,9,32,5
Suiza,FC Luzern,23,5,2,4,4,2,6,9,4,10,31,6
Suiza,FC Lugano,23,2,6,4,4,2,5,6,8,9,26,7
Suiza,FC Sion,23,3,3,5,3,2,7,6,5,12,23,8
Suiza,Neuchâtel Xamax FC,23,1,3,7,2,7,3,3,10,10,19,9
Suiza,FC Thun,23,2,3,7,3,1,7,5,4,14,19,10
Turquía,Trabzonspor AŞ,26,9,3,2,6,5,1,15,8,3,53,1
Turquía,İstanbul Başakşehir,26,9,3,1,6,5,2,15,8,3,53,2
Turquía,Galatasaray AŞ,26,9,4,1,5,4,3,14,8,4,50,3
Turquía,Sivasspor,26,9,4,0,5,3,5,14,7,5,49,4
Turquía,Beşiktaş JK,26,8,3,2,5,2,6,13,5,8,44,5
Turquía,Alanyaspor,26,8,3,3,4,4,4,12,7,7,43,6
Turquía,Fenerbahçe SK,26,7,3,2,4,4,6,11,7,8,40,7
Turquía,Göztepe Izmir ,26,5,4,3,5,3,6,10,7,9,37,8
Turquía,Gaziantep Futbol Kulübü AŞ,26,5,4,4,3,4,6,8,8,10,32,9
Turquía,Denizlispor,26,4,2,7,4,5,4,8,7,11,31,10
Turquía,Antalyaspor,26,3,5,5,4,4,5,7,9,10,30,11
Turquía,Gençlerbirliği SK,26,4,5,4,3,2,8,7,7,12,28,12
Turquía,Konyaspor,26,2,6,5,3,5,5,5,11,10,26,13
Turquía,Kasımpaşa SK,26,4,2,7,3,3,7,7,5,14,26,14
Turquía,Yeni Malatyaspor,26,3,3,6,3,4,7,6,7,13,25,15
Turquía,Rizespor,26,5,2,6,2,2,9,7,4,15,25,16
Turquía,MKE Ankaragücü,26,3,4,6,2,4,7,5,8,13,23,17
Turquía,Kayserispor,26,4,5,4,1,2,10,5,7,14,22,18
Ucrania,FC Shakhtar Donetsk,23,10,1,0,9,1,2,19,2,2,59,1
Ucrania,FC Zorya Luhansk,23,7,3,2,7,1,3,14,4,5,46,2
Ucrania,FC Dynamo Kyiv,23,6,3,3,8,1,2,14,4,5,46,3
Ucrania,Desna ,23,5,3,3,8,1,3,13,4,6,43,4
Ucrania,FC Olexandriya,23,8,0,4,4,4,3,12,4,7,40,5
Ucrania,Kolos Kovalivka,23,5,1,5,3,1,8,8,2,13,26,6
Ucrania,Dnipro-1,23,7,0,5,1,4,6,8,4,11,28,7
Ucrania,FC Mariupol,23,4,4,3,2,3,7,6,7,10,25,8
Ucrania,FC Lviv,23,2,4,6,3,2,6,5,6,12,21,9
Ucrania,FC Vorskla Poltava,23,5,2,4,1,1,10,6,3,14,21,10
Ucrania,FC Olimpik Donetsk,23,2,2,8,3,2,6,5,4,14,19,11
Ucrania,FC Karpaty Lviv,23,1,3,7,1,5,6,2,8,13,14,12
